3 0.0484375000 0.6687500000 0.0500000000 0.6750000000 0.0468750000 0.6781250000 0.0468750000 0.6859375000 0.0500000000 0.6921875000 0.0453125000 0.7031250000 0.0375000000 0.7078125000 0.0375000000 0.7109375000 0.0468750000 0.7234375000 0.0421875000 0.7218750000 0.0140625000 0.7234375000 0.0000000000 0.7171875000 0.0000000000 0.7015625000 0.0062500000 0.6968750000 0.0265625000 0.6984375000 0.0328125000 0.7046875000 0.0359375000 0.7062500000 0.0375000000 0.7046875000 0.0390625000 0.6718750000 0.0421875000 0.6687500000 0.0468750000 0.6687500000
3 0.5390625000 0.5265625000 0.5453125000 0.5390625000 0.5484375000 0.5406250000 0.5484375000 0.5437500000 0.5593750000 0.5515625000 0.5593750000 0.5640625000 0.5531250000 0.5718750000 0.5500000000 0.5718750000 0.5453125000 0.5671875000 0.5390625000 0.5671875000 0.5281250000 0.5765625000 0.5218750000 0.5765625000 0.5203125000 0.5734375000 0.5203125000 0.5546875000 0.5171875000 0.5390625000 0.5234375000 0.5265625000 0.5375000000 0.5265625000
3 0.4687500000 0.5343750000 0.4703125000 0.5421875000 0.4671875000 0.5593750000 0.4703125000 0.5656250000 0.4718750000 0.5828125000 0.4734375000 0.5843750000 0.4812500000 0.5750000000 0.4812500000 0.5546875000 0.4859375000 0.5390625000 0.4953125000 0.5390625000 0.4984375000 0.5421875000 0.4968750000 0.5500000000 0.4984375000 0.5828125000 0.4921875000 0.5968750000 0.4859375000 0.5984375000 0.4781250000 0.5906250000 0.4750000000 0.5906250000 0.4609375000 0.5968750000 0.4562500000 0.6062500000 0.4515625000 0.6078125000 0.4453125000 0.6046875000 0.4421875000 0.5968750000 0.4453125000 0.5406250000 0.4531250000 0.5343750000 0.4671875000 0.5343750000
3 0.4093750000 0.5343750000 0.4109375000 0.5375000000 0.4093750000 0.5468750000 0.4140625000 0.5546875000 0.4156250000 0.5500000000 0.4234375000 0.5421875000 0.4296875000 0.5421875000 0.4328125000 0.5453125000 0.4343750000 0.5625000000 0.4281250000 0.5687500000 0.4250000000 0.5656250000 0.4171875000 0.5656250000 0.4046875000 0.5718750000 0.3968750000 0.5703125000 0.3968750000 0.5468750000 0.3984375000 0.5359375000 0.4078125000 0.5343750000
3 0.1843750000 0.5468750000 0.1890625000 0.5468750000 0.1921875000 0.5562500000 0.2015625000 0.5609375000 0.2125000000 0.5609375000 0.2203125000 0.5765625000 0.2218750000 0.5843750000 0.2203125000 0.6015625000 0.2140625000 0.6062500000 0.1890625000 0.6140625000 0.1734375000 0.6140625000 0.1718750000 0.6156250000 0.1515625000 0.6140625000 0.1500000000 0.6031250000 0.1546875000 0.5984375000 0.1609375000 0.5703125000 0.1656250000 0.5625000000 0.1640625000 0.5515625000 0.1687500000 0.5515625000 0.1703125000 0.5562500000 0.1734375000 0.5578125000 0.1796875000 0.5562500000 0.1843750000 0.5484375000
3 0.2390625000 0.5703125000 0.2468750000 0.5687500000 0.2593750000 0.5843750000 0.2562500000 0.5890625000 0.2687500000 0.6078125000 0.2734375000 0.6234375000 0.2812500000 0.6218750000 0.2750000000 0.6046875000 0.2750000000 0.5921875000 0.2781250000 0.5859375000 0.2859375000 0.5812500000 0.2953125000 0.5796875000 0.2968750000 0.5937500000 0.3015625000 0.6000000000 0.3000000000 0.6265625000 0.2953125000 0.6328125000 0.2859375000 0.6343750000 0.2781250000 0.6265625000 0.2750000000 0.6312500000 0.2640625000 0.6328125000 0.2593750000 0.6390625000 0.2515625000 0.6406250000 0.2406250000 0.6468750000 0.2328125000 0.6468750000 0.2265625000 0.6343750000 0.2265625000 0.6203125000 0.2296875000 0.6078125000 0.2359375000 0.6000000000 0.2343750000 0.5953125000 0.2375000000 0.5906250000 0.2359375000 0.5828125000 0.2390625000 0.5718750000
3 0.0687500000 0.6218750000 0.0718750000 0.6250000000 0.0687500000 0.6281250000 0.0703125000 0.6328125000 0.0593750000 0.6359375000 0.0578125000 0.6453125000 0.0515625000 0.6546875000 0.0500000000 0.6671875000 0.0531250000 0.6687500000 0.0562500000 0.6750000000 0.0640625000 0.6765625000 0.0609375000 0.6890625000 0.0562500000 0.6921875000 0.0468750000 0.6875000000 0.0468750000 0.6781250000 0.0515625000 0.6750000000 0.0468750000 0.6703125000 0.0375000000 0.6781250000 0.0390625000 0.6875000000 0.0312500000 0.6890625000 0.0250000000 0.6843750000 0.0234375000 0.6734375000 0.0171875000 0.6578125000 0.0171875000 0.6515625000 0.0234375000 0.6390625000 0.0312500000 0.6343750000 0.0406250000 0.6312500000 0.0500000000 0.6234375000 0.0546875000 0.6234375000 0.0593750000 0.6296875000 0.0625000000 0.6296875000 0.0640625000 0.6265625000 0.0609375000 0.6234375000 0.0671875000 0.6218750000
3 0.3718750000 0.5890625000 0.3796875000 0.5906250000 0.3875000000 0.5984375000 0.3906250000 0.6093750000 0.3890625000 0.6328125000 0.3921875000 0.6406250000 0.3921875000 0.6640625000 0.3890625000 0.6687500000 0.3828125000 0.6703125000 0.3718750000 0.6609375000 0.3500000000 0.6703125000 0.3421875000 0.6781250000 0.3406250000 0.6843750000 0.3359375000 0.6890625000 0.3265625000 0.6906250000 0.3203125000 0.6828125000 0.3140625000 0.6687500000 0.3078125000 0.6359375000 0.3078125000 0.6296875000 0.3125000000 0.6218750000 0.3093750000 0.5984375000 0.3203125000 0.5968750000 0.3406250000 0.6046875000 0.3546875000 0.6062500000 0.3609375000 0.6109375000 0.3656250000 0.6171875000 0.3625000000 0.6218750000 0.3640625000 0.6296875000 0.3625000000 0.6312500000 0.3703125000 0.6468750000 0.3796875000 0.6515625000 0.3812500000 0.6421875000 0.3765625000 0.6328125000 0.3796875000 0.6140625000 0.3750000000 0.5984375000 0.3703125000 0.5921875000 0.3718750000 0.5906250000
3 0.0781250000 0.6078125000 0.0843750000 0.6156250000 0.0781250000 0.6203125000 0.0781250000 0.6296875000 0.0843750000 0.6359375000 0.0890625000 0.6328125000 0.0906250000 0.6187500000 0.1140625000 0.6109375000 0.1265625000 0.6093750000 0.1328125000 0.6109375000 0.1312500000 0.6218750000 0.1343750000 0.6296875000 0.1312500000 0.6578125000 0.1203125000 0.6656250000 0.1109375000 0.6656250000 0.1062500000 0.6609375000 0.0875000000 0.6609375000 0.0828125000 0.6640625000 0.0687500000 0.6609375000 0.0640625000 0.6671875000 0.0640625000 0.6734375000 0.0609375000 0.6750000000 0.0515625000 0.6671875000 0.0515625000 0.6531250000 0.0562500000 0.6421875000 0.0578125000 0.6312500000 0.0546875000 0.6234375000 0.0625000000 0.6156250000 0.0656250000 0.6046875000 0.0734375000 0.6046875000 0.0765625000 0.6078125000
0 0.9687500000 0.4156250000 0.9906250000 0.4187500000 0.9984375000 0.4218750000 0.9984375000 0.5609375000 0.9890625000 0.5625000000 0.9796875000 0.5593750000 0.9687500000 0.5593750000 0.9562500000 0.5515625000 0.9515625000 0.5500000000 0.9406250000 0.5515625000 0.9296875000 0.5453125000 0.9218750000 0.5468750000 0.9078125000 0.5453125000 0.9046875000 0.5484375000 0.9015625000 0.5640625000 0.8984375000 0.5656250000 0.8875000000 0.5656250000 0.8828125000 0.5593750000 0.8812500000 0.5500000000 0.8765625000 0.5453125000 0.8656250000 0.5421875000 0.8625000000 0.5375000000 0.8640625000 0.5218750000 0.8703125000 0.5140625000 0.8703125000 0.5015625000 0.8671875000 0.4968750000 0.8671875000 0.4640625000 0.8718750000 0.4609375000 0.8703125000 0.4578125000 0.8718750000 0.4437500000 0.8687500000 0.4421875000 0.8718750000 0.4234375000 0.8828125000 0.4203125000 0.8984375000 0.4203125000 0.9156250000 0.4171875000 0.9671875000 0.4156250000
0 0.6046875000 0.4953125000 0.6218750000 0.4890625000 0.6562500000 0.4875000000 0.6781250000 0.4828125000 0.6906250000 0.4843750000 0.7031250000 0.4984375000 0.7234375000 0.5046875000 0.7218750000 0.5156250000 0.7312500000 0.5343750000 0.7312500000 0.5515625000 0.7328125000 0.5531250000 0.7312500000 0.5734375000 0.7250000000 0.5765625000 0.7171875000 0.5765625000 0.7140625000 0.5750000000 0.7140625000 0.5703125000 0.7093750000 0.5671875000 0.7062500000 0.5718750000 0.7046875000 0.5875000000 0.6984375000 0.5921875000 0.6843750000 0.5921875000 0.6718750000 0.5890625000 0.6703125000 0.5843750000 0.6625000000 0.5796875000 0.6312500000 0.5796875000 0.6078125000 0.5828125000 0.6046875000 0.5859375000 0.6015625000 0.5984375000 0.5875000000 0.6000000000 0.5828125000 0.5921875000 0.5812500000 0.5843750000 0.5796875000 0.5453125000 0.5828125000 0.5390625000 0.5843750000 0.5265625000 0.5937500000 0.5171875000 0.6000000000 0.5000000000 0.6046875000 0.4968750000
1 0.4843750000 0.5343750000 0.4843750000 0.5218750000 0.4765625000 0.5062500000 0.4703125000 0.5015625000 0.4640625000 0.5031250000 0.4609375000 0.5171875000 0.4390625000 0.5453125000 0.4343750000 0.5437500000 0.4109375000 0.5125000000 0.4093750000 0.4718750000 0.4125000000 0.4687500000 0.4437500000 0.4656250000 0.4953125000 0.4656250000 0.4968750000 0.4671875000 0.4968750000 0.4781250000 0.5031250000 0.5000000000 0.5015625000 0.5062500000 0.5031250000 0.5140625000 0.5000000000 0.5218750000 0.5046875000 0.5328125000 0.5015625000 0.5312500000 0.5000000000 0.5359375000 0.4859375000 0.5343750000
1 0.8656250000 0.3750000000 0.8781250000 0.3781250000 0.9156250000 0.3937500000 0.9187500000 0.3968750000 0.9203125000 0.4093750000 0.9187500000 0.4125000000 0.9125000000 0.4125000000 0.9015625000 0.4171875000 0.8734375000 0.4187500000 0.8687500000 0.4234375000 0.8687500000 0.4343750000 0.8640625000 0.4437500000 0.8640625000 0.4562500000 0.8671875000 0.4609375000 0.8640625000 0.4640625000 0.8656250000 0.4718750000 0.8640625000 0.4812500000 0.8687500000 0.5093750000 0.8625000000 0.5218750000 0.8593750000 0.5390625000 0.8562500000 0.5375000000 0.8328125000 0.5390625000 0.8250000000 0.5359375000 0.8171875000 0.5359375000 0.8093750000 0.5406250000 0.8078125000 0.5515625000 0.8000000000 0.5578125000 0.7828125000 0.5562500000 0.7812500000 0.5515625000 0.7750000000 0.5468750000 0.7734375000 0.5375000000 0.7656250000 0.5343750000 0.7578125000 0.5343750000 0.7546875000 0.5265625000 0.7468750000 0.5203125000 0.7421875000 0.4968750000 0.7453125000 0.4453125000 0.7390625000 0.4203125000 0.7375000000 0.3937500000 0.7437500000 0.3828125000 0.7515625000 0.3812500000 0.7796875000 0.3812500000 0.7812500000 0.3796875000 0.8078125000 0.3796875000 0.8218750000 0.3765625000 0.8640625000 0.3750000000
