0 0.4062500000 0.6572916667 0.4046875000 0.6588541667 0.4078125000 0.6729166667 0.4145833333 0.6807291667 0.4312500000 0.6781250000 0.4927083333 0.6770833333 0.4953125000 0.6744791667 0.4984375000 0.6609375000 0.4968750000 0.6562500000 0.4994791667 0.6432291667 0.4984375000 0.6281250000 0.5010416667 0.5713541667 0.4994791667 0.5671875000 0.4932291667 0.5640625000 0.4848958333 0.5515625000 0.4812500000 0.5494791667 0.4322916667 0.5479166667 0.4270833333 0.5500000000 0.4218750000 0.5625000000 0.4104166667 0.5677083333 0.4109375000 0.5718750000 0.4187500000 0.5765625000 0.4192708333 0.5802083333 0.4072916667 0.6140625000 0.4078125000 0.6270833333 0.4057291667 0.6296875000 0.4041666667 0.6552083333 0.4062500000 0.6572916667
0 0.5583333333 0.6848958333 0.5630208333 0.7109375000 0.5671875000 0.7177083333 0.6229166667 0.7203125000 0.6479166667 0.7171875000 0.6541666667 0.6927083333 0.6473958333 0.6807291667 0.6380208333 0.6531250000 0.6333333333 0.6447916667 0.6328125000 0.6395833333 0.6369791667 0.6343750000 0.6229166667 0.6276041667 0.6062500000 0.6250000000 0.5640625000 0.6260416667 0.5536458333 0.6296875000 0.5510416667 0.6333333333 0.5515625000 0.6651041667 0.5583333333 0.6848958333
0 0.5239583333 0.5911458333 0.5328125000 0.6265625000 0.5385416667 0.6276041667 0.5770833333 0.6229166667 0.5994791667 0.6239583333 0.6057291667 0.6208333333 0.6093750000 0.5937500000 0.6010416667 0.5843750000 0.5947916667 0.5671875000 0.5875000000 0.5578125000 0.5781250000 0.5536458333 0.5463541667 0.5541666667 0.5255208333 0.5630208333 0.5239583333 0.5666666667 0.5239583333 0.5911458333
3 0.3651041667 0.6822916667 0.3739583333 0.6921875000 0.3791666667 0.6927083333 0.3958333333 0.6822916667 0.3947916667 0.6567708333 0.3901041667 0.6479166667 0.3901041667 0.6411458333 0.3843750000 0.6385416667 0.3833333333 0.6348958333 0.3755208333 0.6348958333 0.3729166667 0.6375000000 0.3718750000 0.6432291667 0.3750000000 0.6505208333 0.3697916667 0.6541666667 0.3645833333 0.6671875000 0.3635416667 0.6765625000 0.3651041667 0.6822916667
0 0.4026041667 0.7661458333 0.4015625000 0.7718750000 0.3963541667 0.7750000000 0.3973958333 0.7807291667 0.5041666667 0.7807291667 0.5057291667 0.7781250000 0.5046875000 0.7536458333 0.5005208333 0.7348958333 0.5088541667 0.7296875000 0.5083333333 0.7255208333 0.4958333333 0.7192708333 0.4942708333 0.7135416667 0.4880208333 0.7098958333 0.4583333333 0.7067708333 0.4151041667 0.7093750000 0.4098958333 0.7135416667 0.4083333333 0.7192708333 0.4052083333 0.7218750000 0.4093750000 0.7244791667 0.4088541667 0.7281250000 0.4020833333 0.7312500000 0.4005208333 0.7354166667 0.3994791667 0.7567708333 0.4026041667 0.7661458333
0 0.3192708333 0.5791666667 0.3098958333 0.5984375000 0.3104166667 0.6062500000 0.3208333333 0.6234375000 0.3239583333 0.6255208333 0.3291666667 0.6380208333 0.3630208333 0.6395833333 0.3645833333 0.6265625000 0.3718750000 0.6223958333 0.3776041667 0.6151041667 0.3848958333 0.6182291667 0.3869791667 0.6218750000 0.3942708333 0.6218750000 0.3937500000 0.5906250000 0.3895833333 0.5708333333 0.3645833333 0.5635416667 0.3406250000 0.5625000000 0.3239583333 0.5666666667 0.3223958333 0.5687500000 0.3203125000 0.5666666667 0.3145833333 0.5734375000 0.3145833333 0.5765625000 0.3192708333 0.5791666667
0 0.2125000000 0.7718750000 0.2083333333 0.7781250000 0.2088541667 0.7807291667 0.3291666667 0.7796875000 0.3291666667 0.7651041667 0.3244791667 0.7510416667 0.3161458333 0.7447916667 0.2968750000 0.7406250000 0.2635416667 0.7406250000 0.2416666667 0.7442708333 0.2208333333 0.7572916667 0.2098958333 0.7593750000 0.2031250000 0.7645833333 0.2036458333 0.7671875000 0.2125000000 0.7718750000
0 0.5166666667 0.5630208333 0.5223958333 0.5687500000 0.5270833333 0.5614583333 0.5416666667 0.5541666667 0.5744791667 0.5515625000 0.5671875000 0.5375000000 0.5656250000 0.5260416667 0.5588541667 0.5156250000 0.5416666667 0.5135416667 0.5218750000 0.5140625000 0.5151041667 0.5197916667 0.5130208333 0.5307291667 0.5125000000 0.5406250000 0.5166666667 0.5630208333
0 0.5067708333 0.4963541667 0.5067708333 0.5104166667 0.5119791667 0.5177083333 0.5223958333 0.5125000000 0.5567708333 0.5125000000 0.5567708333 0.4942708333 0.5510416667 0.4822916667 0.5432291667 0.4739583333 0.5151041667 0.4723958333 0.5036458333 0.4822916667 0.5031250000 0.4890625000 0.5067708333 0.4963541667
0 0.4328125000 0.5401041667 0.4317708333 0.5463541667 0.4333333333 0.5473958333 0.4828125000 0.5479166667 0.4770833333 0.5276041667 0.4713541667 0.5239583333 0.4427083333 0.5234375000 0.4375000000 0.5255208333 0.4343750000 0.5302083333 0.4255208333 0.5333333333 0.4255208333 0.5364583333 0.4328125000 0.5401041667
0 0.4765625000 0.5218750000 0.4807291667 0.5197916667 0.4807291667 0.5104166667 0.4729166667 0.4927083333 0.4640625000 0.4906250000 0.4453125000 0.4911458333 0.4401041667 0.4927083333 0.4359375000 0.5005208333 0.4359375000 0.5208333333 0.4765625000 0.5218750000
0 0.3625000000 0.4833333333 0.3723958333 0.4895833333 0.3828125000 0.4895833333 0.3937500000 0.4927083333 0.4046875000 0.4890625000 0.4041666667 0.4833333333 0.4067708333 0.4776041667 0.4041666667 0.4755208333 0.4057291667 0.4697916667 0.4010416667 0.4578125000 0.3984375000 0.4557291667 0.3729166667 0.4557291667 0.3651041667 0.4614583333 0.3614583333 0.4729166667 0.3625000000 0.4833333333
0 0.4390625000 0.4833333333 0.4432291667 0.4822916667 0.4463541667 0.4776041667 0.4578125000 0.4817708333 0.4598958333 0.4848958333 0.4671875000 0.4838541667 0.4703125000 0.4651041667 0.4640625000 0.4546875000 0.4494791667 0.4520833333 0.4437500000 0.4541666667 0.4354166667 0.4630208333 0.4354166667 0.4796875000 0.4390625000 0.4833333333
3 0.4791666667 0.4984375000 0.4885416667 0.4994791667 0.4916666667 0.4942708333 0.4916666667 0.4812500000 0.4807291667 0.4812500000 0.4786458333 0.4848958333 0.4776041667 0.4953125000 0.4791666667 0.4984375000
0 0.4875000000 0.4635416667 0.4968750000 0.4583333333 0.5223958333 0.4572916667 0.5239583333 0.4557291667 0.5223958333 0.4364583333 0.5151041667 0.4270833333 0.4958333333 0.4286458333 0.4859375000 0.4385416667 0.4843750000 0.4500000000 0.4875000000 0.4635416667
0 0.3859375000 0.4427083333 0.3984375000 0.4427083333 0.4114583333 0.4484375000 0.4223958333 0.4473958333 0.4223958333 0.4338541667 0.4145833333 0.4281250000 0.3942708333 0.4270833333 0.3869791667 0.4291666667 0.3843750000 0.4322916667 0.3828125000 0.4369791667 0.3859375000 0.4427083333
