2 0.2750000000 0.3437500000 0.2890625000 0.3515625000 0.2968750000 0.3531250000 0.3312500000 0.3531250000 0.3328125000 0.3515625000 0.3406250000 0.3531250000 0.3421875000 0.3687500000 0.3281250000 0.3718750000 0.3015625000 0.3734375000 0.2875000000 0.3812500000 0.2765625000 0.3984375000 0.2734375000 0.4171875000 0.2656250000 0.4281250000 0.2515625000 0.4578125000 0.2500000000 0.4734375000 0.2453125000 0.4859375000 0.2406250000 0.4906250000 0.2375000000 0.4921875000 0.2203125000 0.4906250000 0.1968750000 0.5015625000 0.1687500000 0.5062500000 0.1171875000 0.5062500000 0.1031250000 0.5046875000 0.1000000000 0.5015625000 0.0984375000 0.4921875000 0.1000000000 0.4796875000 0.0968750000 0.4671875000 0.0968750000 0.4515625000 0.0984375000 0.4500000000 0.0968750000 0.4312500000 0.1000000000 0.4281250000 0.1015625000 0.4078125000 0.1062500000 0.3953125000 0.1078125000 0.3796875000 0.1125000000 0.3750000000 0.1156250000 0.3578125000 0.1250000000 0.3500000000 0.1406250000 0.3484375000 0.1640625000 0.3421875000 0.2296875000 0.3406250000 0.2312500000 0.3421875000 0.2734375000 0.3437500000
3 0.7140625000 0.5390625000 0.7203125000 0.5453125000 0.7250000000 0.5578125000 0.7406250000 0.5734375000 0.7421875000 0.5843750000 0.7484375000 0.5921875000 0.7500000000 0.5765625000 0.7546875000 0.5671875000 0.7546875000 0.5609375000 0.7578125000 0.5578125000 0.7906250000 0.5578125000 0.7984375000 0.5609375000 0.7968750000 0.5859375000 0.7921875000 0.6031250000 0.7890625000 0.6062500000 0.7796875000 0.6078125000 0.7656250000 0.6062500000 0.7578125000 0.6109375000 0.7546875000 0.6656250000 0.7484375000 0.6625000000 0.7453125000 0.6531250000 0.7375000000 0.6578125000 0.7312500000 0.6578125000 0.7312500000 0.6546875000 0.7484375000 0.6375000000 0.7484375000 0.6265625000 0.7437500000 0.6156250000 0.7375000000 0.5859375000 0.7312500000 0.5718750000 0.7234375000 0.5640625000 0.7109375000 0.5718750000 0.6921875000 0.5750000000 0.6781250000 0.5703125000 0.6718750000 0.5640625000 0.6718750000 0.5500000000 0.6812500000 0.5390625000 0.6890625000 0.5359375000 0.7062500000 0.5359375000 0.7125000000 0.5390625000
3 0.0531250000 0.4828125000 0.0562500000 0.4906250000 0.0546875000 0.5140625000 0.0515625000 0.5171875000 0.0406250000 0.5156250000 0.0281250000 0.5187500000 0.0250000000 0.5265625000 0.0203125000 0.5312500000 0.0171875000 0.5312500000 0.0125000000 0.5265625000 0.0125000000 0.5125000000 0.0187500000 0.5000000000 0.0218750000 0.4843750000 0.0281250000 0.4859375000 0.0281250000 0.4984375000 0.0328125000 0.5046875000 0.0375000000 0.4937500000 0.0437500000 0.4859375000 0.0468750000 0.4828125000 0.0515625000 0.4828125000
3 0.9765625000 0.5265625000 0.9859375000 0.5312500000 0.9890625000 0.5375000000 0.9859375000 0.5515625000 0.9875000000 0.5625000000 0.9843750000 0.5625000000 0.9828125000 0.5656250000 0.9859375000 0.5687500000 0.9921875000 0.5687500000 0.9875000000 0.5765625000 0.9890625000 0.5906250000 0.9984375000 0.5921875000 0.9984375000 0.6093750000 0.9937500000 0.6093750000 0.9843750000 0.5984375000 0.9765625000 0.5953125000 0.9734375000 0.5906250000 0.9578125000 0.5875000000 0.9531250000 0.5843750000 0.9515625000 0.5796875000 0.9515625000 0.5687500000 0.9546875000 0.5593750000 0.9640625000 0.5453125000 0.9750000000 0.5359375000 0.9765625000 0.5281250000
3 0.5671875000 0.3875000000 0.5687500000 0.3906250000 0.5671875000 0.3953125000 0.5625000000 0.3937500000 0.5625000000 0.3890625000 0.5656250000 0.3875000000
0 0.5328125000 0.3812500000 0.5359375000 0.3843750000 0.5359375000 0.3906250000 0.5218750000 0.3906250000 0.5218750000 0.3828125000 0.5312500000 0.3812500000
0 0.3890625000 0.3718750000 0.3953125000 0.3828125000 0.3937500000 0.3937500000 0.3984375000 0.4109375000 0.3984375000 0.4406250000 0.3734375000 0.4578125000 0.3656250000 0.4656250000 0.3562500000 0.4703125000 0.3328125000 0.4921875000 0.3187500000 0.5000000000 0.2765625000 0.5000000000 0.2750000000 0.5015625000 0.2656250000 0.5015625000 0.2546875000 0.4937500000 0.2531250000 0.4609375000 0.2656250000 0.4359375000 0.2671875000 0.4281250000 0.2703125000 0.4265625000 0.2750000000 0.4171875000 0.2781250000 0.4015625000 0.2890625000 0.3828125000 0.2953125000 0.3781250000 0.3093750000 0.3750000000 0.3281250000 0.3750000000 0.3406250000 0.3718750000 0.3500000000 0.3734375000 0.3875000000 0.3718750000
0 0.9343750000 0.4531250000 0.9500000000 0.4593750000 0.9640625000 0.4796875000 0.9609375000 0.5015625000 0.9484375000 0.5046875000 0.9406250000 0.5156250000 0.9343750000 0.5156250000 0.9265625000 0.5078125000 0.9140625000 0.5031250000 0.9062500000 0.5015625000 0.8968750000 0.5031250000 0.8906250000 0.4953125000 0.8906250000 0.4781250000 0.8937500000 0.4734375000 0.8921875000 0.4687500000 0.9015625000 0.4640625000 0.9125000000 0.4531250000 0.9328125000 0.4531250000
0 0.6687500000 0.4171875000 0.6750000000 0.4218750000 0.6843750000 0.4359375000 0.6843750000 0.4546875000 0.6796875000 0.4609375000 0.6703125000 0.4609375000 0.6609375000 0.4562500000 0.6453125000 0.4562500000 0.6265625000 0.4609375000 0.6218750000 0.4578125000 0.6187500000 0.4500000000 0.6046875000 0.4468750000 0.6015625000 0.4437500000 0.6015625000 0.4296875000 0.6062500000 0.4234375000 0.6062500000 0.4187500000 0.6109375000 0.4187500000 0.6187500000 0.4140625000 0.6515625000 0.4140625000 0.6671875000 0.4171875000
1 0.4593750000 0.3515625000 0.4625000000 0.3593750000 0.4656250000 0.3515625000 0.4718750000 0.3531250000 0.4765625000 0.3578125000 0.4781250000 0.3812500000 0.4671875000 0.3937500000 0.4546875000 0.4000000000 0.4421875000 0.3984375000 0.4406250000 0.3781250000 0.4453125000 0.3546875000 0.4578125000 0.3515625000
