0 0.1140625000 0.3843750000 0.1156250000 0.3859375000 0.1265625000 0.3843750000 0.1375000000 0.3875000000 0.1578125000 0.3875000000 0.1765625000 0.3968750000 0.1828125000 0.4031250000 0.1875000000 0.4031250000 0.2031250000 0.4109375000 0.2031250000 0.4156250000 0.1953125000 0.4171875000 0.1921875000 0.4203125000 0.1953125000 0.4281250000 0.1953125000 0.4328125000 0.1921875000 0.4375000000 0.1859375000 0.4375000000 0.1843750000 0.4203125000 0.1812500000 0.4125000000 0.1796875000 0.4109375000 0.1765625000 0.4125000000 0.1781250000 0.4359375000 0.1750000000 0.4546875000 0.1562500000 0.4640625000 0.1375000000 0.4640625000 0.1031250000 0.4562500000 0.1015625000 0.4515625000 0.0921875000 0.4453125000 0.0812500000 0.4328125000 0.0671875000 0.4312500000 0.0640625000 0.4281250000 0.0625000000 0.4218750000 0.0640625000 0.4203125000 0.0640625000 0.3859375000 0.0656250000 0.3843750000 0.0750000000 0.3859375000 0.1125000000 0.3843750000
0 0.7125000000 0.3843750000 0.7140625000 0.3859375000 0.7421875000 0.3843750000 0.7671875000 0.3875000000 0.7687500000 0.3890625000 0.7625000000 0.3953125000 0.7609375000 0.4000000000 0.7593750000 0.4093750000 0.7609375000 0.4125000000 0.7515625000 0.4250000000 0.7375000000 0.4265625000 0.7281250000 0.4359375000 0.6968750000 0.4375000000 0.6906250000 0.4437500000 0.6890625000 0.4609375000 0.6828125000 0.4656250000 0.6703125000 0.4671875000 0.6625000000 0.4718750000 0.6515625000 0.4718750000 0.6328125000 0.4593750000 0.6281250000 0.4484375000 0.6296875000 0.4203125000 0.6328125000 0.4125000000 0.6406250000 0.4046875000 0.6421875000 0.4000000000 0.6578125000 0.3859375000 0.7109375000 0.3843750000
0 0.4343750000 0.3921875000 0.4390625000 0.3953125000 0.4593750000 0.3953125000 0.4593750000 0.4125000000 0.4578125000 0.4171875000 0.4453125000 0.4171875000 0.4375000000 0.4203125000 0.4406250000 0.4375000000 0.4390625000 0.4468750000 0.4359375000 0.4515625000 0.4343750000 0.4656250000 0.4375000000 0.4812500000 0.4312500000 0.4875000000 0.4218750000 0.4859375000 0.4140625000 0.4781250000 0.3750000000 0.4781250000 0.3718750000 0.4796875000 0.3375000000 0.4703125000 0.3359375000 0.4687500000 0.3375000000 0.4609375000 0.3343750000 0.4578125000 0.3343750000 0.4515625000 0.3390625000 0.4453125000 0.3390625000 0.4406250000 0.3343750000 0.4359375000 0.3312500000 0.4359375000 0.3312500000 0.4250000000 0.3375000000 0.4187500000 0.3593750000 0.4156250000 0.3734375000 0.4062500000 0.3968750000 0.3953125000 0.4156250000 0.3921875000 0.4328125000 0.3921875000
0 0.6421875000 0.3968750000 0.6437500000 0.3968750000 0.6406250000 0.4031250000 0.6312500000 0.4125000000 0.6265625000 0.4453125000 0.6234375000 0.4453125000 0.6218750000 0.4203125000 0.6156250000 0.4093750000 0.6156250000 0.3984375000 0.6406250000 0.3953125000
3 0.7359375000 0.4453125000 0.7359375000 0.4421875000 0.7437500000 0.4343750000 0.7500000000 0.4312500000 0.7609375000 0.4312500000 0.7656250000 0.4531250000 0.7578125000 0.4671875000 0.7625000000 0.4828125000 0.7578125000 0.4843750000 0.7500000000 0.4921875000 0.7484375000 0.4968750000 0.7421875000 0.4984375000 0.7312500000 0.5078125000 0.7218750000 0.5078125000 0.7171875000 0.5046875000 0.7140625000 0.4953125000 0.7140625000 0.4843750000 0.7171875000 0.4781250000 0.7296875000 0.4718750000 0.7406250000 0.4593750000 0.7406250000 0.4484375000 0.7375000000 0.4453125000
3 0.4875000000 0.5453125000 0.4828125000 0.5093750000 0.4828125000 0.4890625000 0.5046875000 0.4781250000 0.5140625000 0.4656250000 0.5156250000 0.4500000000 0.5187500000 0.4453125000 0.5328125000 0.4406250000 0.5375000000 0.4406250000 0.5421875000 0.4484375000 0.5421875000 0.4656250000 0.5343750000 0.4734375000 0.5343750000 0.4796875000 0.5421875000 0.4937500000 0.5437500000 0.5140625000 0.5296875000 0.5296875000 0.5218750000 0.5296875000 0.5109375000 0.5421875000 0.4984375000 0.5468750000 0.4890625000 0.5453125000
3 0.5968750000 0.4515625000 0.6046875000 0.4578125000 0.6265625000 0.4578125000 0.6343750000 0.4640625000 0.6328125000 0.4703125000 0.6296875000 0.4687500000 0.6187500000 0.4703125000 0.6187500000 0.4750000000 0.6218750000 0.4796875000 0.6203125000 0.4843750000 0.6250000000 0.4906250000 0.6437500000 0.4812500000 0.6703125000 0.4718750000 0.6921875000 0.4703125000 0.6953125000 0.4671875000 0.6921875000 0.4640625000 0.6921875000 0.4562500000 0.6937500000 0.4562500000 0.6953125000 0.4609375000 0.6937500000 0.4640625000 0.6984375000 0.4656250000 0.6968750000 0.4687500000 0.7046875000 0.4734375000 0.7062500000 0.4781250000 0.7109375000 0.4796875000 0.7031250000 0.4890625000 0.7046875000 0.4937500000 0.7031250000 0.5046875000 0.6984375000 0.5078125000 0.6921875000 0.5078125000 0.6859375000 0.5140625000 0.6984375000 0.5281250000 0.6968750000 0.5328125000 0.6906250000 0.5390625000 0.6875000000 0.5468750000 0.6718750000 0.5593750000 0.6593750000 0.5593750000 0.6500000000 0.5531250000 0.6343750000 0.5531250000 0.6296875000 0.5578125000 0.6296875000 0.5671875000 0.6265625000 0.5703125000 0.6281250000 0.5609375000 0.6250000000 0.5578125000 0.5859375000 0.5593750000 0.5765625000 0.5546875000 0.5718750000 0.5546875000 0.5593750000 0.5687500000 0.5531250000 0.5718750000 0.5359375000 0.5718750000 0.5265625000 0.5625000000 0.5250000000 0.5484375000 0.5281250000 0.5390625000 0.5328125000 0.5281250000 0.5531250000 0.5109375000 0.5515625000 0.5015625000 0.5546875000 0.4953125000 0.5562500000 0.4828125000 0.5734375000 0.4578125000 0.5843750000 0.4484375000 0.5921875000 0.4484375000 0.5953125000 0.4515625000
3 0.9796875000 0.4406250000 0.9812500000 0.4531250000 0.9765625000 0.4625000000 0.9828125000 0.4703125000 0.9828125000 0.4781250000 0.9734375000 0.4937500000 0.9703125000 0.4953125000 0.9625000000 0.4953125000 0.9562500000 0.4890625000 0.9453125000 0.4890625000 0.9468750000 0.4875000000 0.9437500000 0.4828125000 0.9421875000 0.4734375000 0.9453125000 0.4703125000 0.9484375000 0.4734375000 0.9593750000 0.4703125000 0.9656250000 0.4625000000 0.9671875000 0.4484375000 0.9781250000 0.4406250000
3 0.7921875000 0.4515625000 0.7937500000 0.4546875000 0.8015625000 0.4578125000 0.7984375000 0.4718750000 0.8046875000 0.4906250000 0.8078125000 0.5093750000 0.7984375000 0.5156250000 0.7796875000 0.5171875000 0.7703125000 0.5250000000 0.7562500000 0.5250000000 0.7515625000 0.5218750000 0.7484375000 0.5171875000 0.7468750000 0.5046875000 0.7531250000 0.4890625000 0.7640625000 0.4812500000 0.7609375000 0.4734375000 0.7609375000 0.4640625000 0.7687500000 0.4484375000 0.7750000000 0.4468750000 0.7781250000 0.4531250000 0.7906250000 0.4515625000
3 0.2468750000 0.4593750000 0.2515625000 0.4609375000 0.2578125000 0.4703125000 0.2437500000 0.5000000000 0.2375000000 0.5046875000 0.2375000000 0.5156250000 0.2437500000 0.5265625000 0.2546875000 0.5671875000 0.2906250000 0.5687500000 0.3015625000 0.5609375000 0.2984375000 0.5468750000 0.2750000000 0.5218750000 0.2859375000 0.5140625000 0.3031250000 0.5062500000 0.3109375000 0.5062500000 0.3078125000 0.5125000000 0.3093750000 0.5218750000 0.3078125000 0.5312500000 0.3109375000 0.5546875000 0.3156250000 0.5609375000 0.3234375000 0.5656250000 0.3390625000 0.5671875000 0.3453125000 0.5656250000 0.3484375000 0.5671875000 0.3640625000 0.5609375000 0.3765625000 0.5515625000 0.3765625000 0.5093750000 0.3734375000 0.4953125000 0.3703125000 0.4921875000 0.3593750000 0.4921875000 0.3578125000 0.4890625000 0.3718750000 0.4875000000 0.3921875000 0.4812500000 0.4000000000 0.4812500000 0.4062500000 0.4859375000 0.4062500000 0.4906250000 0.4031250000 0.4953125000 0.3953125000 0.5015625000 0.4046875000 0.5078125000 0.4046875000 0.5156250000 0.4187500000 0.5328125000 0.4187500000 0.5375000000 0.4250000000 0.5500000000 0.3953125000 0.5156250000 0.3906250000 0.5140625000 0.3875000000 0.5171875000 0.3921875000 0.5375000000 0.4015625000 0.5437500000 0.4046875000 0.5484375000 0.4078125000 0.5578125000 0.4078125000 0.5734375000 0.4015625000 0.5875000000 0.3875000000 0.5984375000 0.3812500000 0.6000000000 0.3625000000 0.6000000000 0.3421875000 0.5875000000 0.3140625000 0.5828125000 0.3031250000 0.5843750000 0.2906250000 0.5906250000 0.2843750000 0.5906250000 0.2796875000 0.5859375000 0.2218750000 0.5843750000 0.2062500000 0.5968750000 0.1890625000 0.5984375000 0.1734375000 0.5937500000 0.1625000000 0.5828125000 0.1578125000 0.5703125000 0.1578125000 0.5578125000 0.1640625000 0.5421875000 0.1625000000 0.5328125000 0.1718750000 0.5234375000 0.1859375000 0.5156250000 0.1828125000 0.5062500000 0.1921875000 0.4937500000 0.2171875000 0.4796875000 0.2234375000 0.4734375000 0.2218750000 0.4687500000 0.2296875000 0.4609375000 0.2453125000 0.4593750000
3 0.9359375000 0.4328125000 0.9406250000 0.4359375000 0.9453125000 0.4359375000 0.9453125000 0.4390625000 0.9421875000 0.4484375000 0.9437500000 0.4640625000 0.9406250000 0.4734375000 0.9390625000 0.5031250000 0.9328125000 0.5171875000 0.9250000000 0.5218750000 0.9171875000 0.5218750000 0.9031250000 0.5125000000 0.8828125000 0.5125000000 0.8750000000 0.5187500000 0.8656250000 0.5187500000 0.8562500000 0.5265625000 0.8468750000 0.5265625000 0.8390625000 0.5171875000 0.8406250000 0.4953125000 0.8531250000 0.4765625000 0.8437500000 0.4578125000 0.8640625000 0.4421875000 0.8765625000 0.4390625000 0.8890625000 0.4406250000 0.8968750000 0.4453125000 0.8984375000 0.4609375000 0.9046875000 0.4687500000 0.9125000000 0.4890625000 0.9171875000 0.4921875000 0.9234375000 0.4859375000 0.9203125000 0.4562500000 0.9281250000 0.4484375000 0.9281250000 0.4437500000 0.9234375000 0.4390625000 0.9343750000 0.4328125000
3 0.5359375000 0.4343750000 0.5421875000 0.4484375000 0.5421875000 0.4609375000 0.5328125000 0.4781250000 0.5421875000 0.4953125000 0.5437500000 0.5125000000 0.5406250000 0.5187500000 0.5281250000 0.5296875000 0.5218750000 0.5296875000 0.5078125000 0.5437500000 0.4968750000 0.5468750000 0.4875000000 0.5453125000 0.4812500000 0.4968750000 0.4828125000 0.4937500000 0.4812500000 0.4906250000 0.4859375000 0.4859375000 0.5000000000 0.4812500000 0.5109375000 0.4718750000 0.5156250000 0.4593750000 0.5140625000 0.4562500000 0.5156250000 0.4484375000 0.5203125000 0.4437500000 0.5312500000 0.4406250000 0.5343750000 0.4359375000
2 0.4156250000 0.3312500000 0.4203125000 0.3375000000 0.4484375000 0.3406250000 0.4968750000 0.3421875000 0.4984375000 0.3437500000 0.5062500000 0.3437500000 0.5125000000 0.3406250000 0.5406250000 0.3406250000 0.5500000000 0.3468750000 0.5750000000 0.3484375000 0.5828125000 0.3453125000 0.6078125000 0.3453125000 0.6203125000 0.3515625000 0.6500000000 0.3531250000 0.6546875000 0.3546875000 0.6562500000 0.3593750000 0.6546875000 0.3843750000 0.6468750000 0.3875000000 0.6437500000 0.3921875000 0.6218750000 0.3937500000 0.6125000000 0.3859375000 0.5796875000 0.3796875000 0.5453125000 0.3781250000 0.5203125000 0.3734375000 0.5015625000 0.3734375000 0.4812500000 0.3703125000 0.4531250000 0.3703125000 0.4390625000 0.3734375000 0.4343750000 0.3765625000 0.4187500000 0.3765625000 0.4140625000 0.3796875000 0.4109375000 0.3906250000 0.3921875000 0.3953125000 0.3578125000 0.4125000000 0.3500000000 0.4125000000 0.3421875000 0.4078125000 0.3234375000 0.4031250000 0.3218750000 0.4000000000 0.3203125000 0.3875000000 0.3218750000 0.3609375000 0.3250000000 0.3421875000 0.3281250000 0.3375000000 0.3390625000 0.3343750000 0.3734375000 0.3343750000 0.3890625000 0.3296875000 0.4140625000 0.3312500000
2 0.9406250000 0.3718750000 0.9531250000 0.3750000000 0.9953125000 0.3781250000 0.9984375000 0.3796875000 0.9984375000 0.3937500000 0.9937500000 0.3937500000 0.9859375000 0.3890625000 0.9546875000 0.3890625000 0.9531250000 0.3875000000 0.9390625000 0.3890625000 0.9375000000 0.3875000000 0.9187500000 0.3875000000 0.9125000000 0.3843750000 0.9000000000 0.3843750000 0.8984375000 0.3828125000 0.9000000000 0.3765625000 0.9078125000 0.3734375000 0.9390625000 0.3718750000
2 0.8500000000 0.3593750000 0.8625000000 0.3609375000 0.8687500000 0.3656250000 0.8890625000 0.3671875000 0.8937500000 0.3703125000 0.8937500000 0.3765625000 0.8906250000 0.3828125000 0.8828125000 0.3843750000 0.8734375000 0.3906250000 0.8609375000 0.3890625000 0.8562500000 0.3859375000 0.8234375000 0.3859375000 0.8140625000 0.3828125000 0.8078125000 0.3765625000 0.7968750000 0.3718750000 0.7828125000 0.3703125000 0.7796875000 0.3718750000 0.7593750000 0.3687500000 0.7156250000 0.3703125000 0.7109375000 0.3718750000 0.7046875000 0.3812500000 0.6859375000 0.3812500000 0.6843750000 0.3796875000 0.6843750000 0.3625000000 0.6875000000 0.3593750000 0.7140625000 0.3578125000 0.7234375000 0.3562500000 0.7281250000 0.3531250000 0.7578125000 0.3562500000 0.8484375000 0.3593750000
2 0.0000000000 0.3125000000 0.0203125000 0.3125000000 0.0656250000 0.3171875000 0.0781250000 0.3156250000 0.0859375000 0.3109375000 0.1281250000 0.3125000000 0.1359375000 0.3203125000 0.1406250000 0.3218750000 0.2109375000 0.3265625000 0.2140625000 0.3296875000 0.2156250000 0.3437500000 0.2140625000 0.3625000000 0.2015625000 0.3625000000 0.1453125000 0.3546875000 0.1281250000 0.3546875000 0.0968750000 0.3500000000 0.0609375000 0.3484375000 0.0500000000 0.3453125000 0.0000000000 0.3421875000 0.0000000000 0.3140625000
