3 0.2343750000 0.4015625000 0.2500000000 0.3968750000 0.2578125000 0.4015625000 0.2609375000 0.4093750000 0.2578125000 0.4453125000 0.2484375000 0.4546875000 0.2484375000 0.4578125000 0.2437500000 0.4578125000 0.2421875000 0.4515625000 0.2343750000 0.4453125000 0.2343750000 0.4296875000 0.2359375000 0.4281250000 0.2328125000 0.4156250000 0.2343750000 0.4031250000
3 0.5453125000 0.4406250000 0.5484375000 0.4437500000 0.5531250000 0.4437500000 0.5625000000 0.4484375000 0.5718750000 0.4484375000 0.5718750000 0.4515625000 0.5703125000 0.4531250000 0.5562500000 0.4515625000 0.5515625000 0.4546875000 0.5375000000 0.4578125000 0.5312500000 0.4640625000 0.5359375000 0.4687500000 0.5437500000 0.4687500000 0.5500000000 0.4765625000 0.5500000000 0.5015625000 0.5484375000 0.5031250000 0.5500000000 0.5046875000 0.5500000000 0.5218750000 0.5468750000 0.5468750000 0.5437500000 0.5531250000 0.5468750000 0.5609375000 0.5468750000 0.5703125000 0.5406250000 0.5750000000 0.5375000000 0.5812500000 0.5359375000 0.6000000000 0.5312500000 0.6140625000 0.5234375000 0.6140625000 0.5203125000 0.6109375000 0.5187500000 0.5906250000 0.5156250000 0.5859375000 0.5078125000 0.5937500000 0.5000000000 0.5937500000 0.4968750000 0.5859375000 0.4796875000 0.5734375000 0.4875000000 0.5640625000 0.4859375000 0.5343750000 0.4875000000 0.5281250000 0.4921875000 0.5234375000 0.4906250000 0.4750000000 0.4984375000 0.4718750000 0.5031250000 0.4671875000 0.5031250000 0.4625000000 0.4937500000 0.4546875000 0.4812500000 0.4546875000 0.4812500000 0.4468750000 0.4906250000 0.4421875000 0.5000000000 0.4421875000 0.5062500000 0.4390625000 0.5437500000 0.4406250000
3 0.2062500000 0.3906250000 0.2140625000 0.3937500000 0.2156250000 0.3968750000 0.2125000000 0.4062500000 0.2140625000 0.4109375000 0.2078125000 0.4203125000 0.2062500000 0.4296875000 0.2031250000 0.4218750000 0.1984375000 0.4187500000 0.1968750000 0.4046875000 0.1984375000 0.3921875000 0.2046875000 0.3906250000
3 0.3375000000 0.4078125000 0.3421875000 0.4109375000 0.3421875000 0.4156250000 0.3484375000 0.4281250000 0.3453125000 0.4328125000 0.3375000000 0.4359375000 0.3312500000 0.4421875000 0.3281250000 0.4671875000 0.3250000000 0.4718750000 0.3265625000 0.4796875000 0.3312500000 0.4828125000 0.3359375000 0.4812500000 0.3390625000 0.4843750000 0.3375000000 0.4953125000 0.3343750000 0.4984375000 0.3250000000 0.4937500000 0.3234375000 0.4859375000 0.3125000000 0.4765625000 0.3140625000 0.4390625000 0.3203125000 0.4234375000 0.3140625000 0.4156250000 0.3140625000 0.4109375000 0.3359375000 0.4093750000
3 0.3875000000 0.3906250000 0.3921875000 0.4062500000 0.3875000000 0.4078125000 0.3828125000 0.4156250000 0.3765625000 0.4156250000 0.3765625000 0.3953125000 0.3812500000 0.3906250000 0.3859375000 0.3906250000
3 0.4296875000 0.4093750000 0.4406250000 0.4140625000 0.4453125000 0.4187500000 0.4390625000 0.4312500000 0.4468750000 0.4406250000 0.4484375000 0.4468750000 0.4468750000 0.4843750000 0.4453125000 0.4859375000 0.4468750000 0.4890625000 0.4437500000 0.4984375000 0.4437500000 0.5078125000 0.4390625000 0.5140625000 0.4375000000 0.5250000000 0.4328125000 0.5328125000 0.4250000000 0.5312500000 0.4187500000 0.5156250000 0.4156250000 0.5156250000 0.4093750000 0.5234375000 0.4031250000 0.5218750000 0.3968750000 0.5078125000 0.3984375000 0.5046875000 0.3968750000 0.5015625000 0.4000000000 0.5031250000 0.4046875000 0.5000000000 0.4062500000 0.4953125000 0.4031250000 0.4906250000 0.4109375000 0.4875000000 0.4171875000 0.4890625000 0.4218750000 0.4875000000 0.4203125000 0.4765625000 0.4140625000 0.4718750000 0.4046875000 0.4718750000 0.3984375000 0.4593750000 0.4046875000 0.4531250000 0.4015625000 0.4343750000 0.4078125000 0.4328125000 0.4093750000 0.4296875000 0.3968750000 0.4265625000 0.3937500000 0.4296875000 0.3937500000 0.4375000000 0.3875000000 0.4343750000 0.3906250000 0.4281250000 0.3890625000 0.4265625000 0.3937500000 0.4265625000 0.4000000000 0.4171875000 0.4171875000 0.4093750000 0.4281250000 0.4093750000
3 0.9281250000 0.4593750000 0.9375000000 0.4625000000 0.9437500000 0.4703125000 0.9625000000 0.4734375000 0.9656250000 0.4765625000 0.9656250000 0.4828125000 0.9609375000 0.4875000000 0.9453125000 0.4953125000 0.9453125000 0.5015625000 0.9484375000 0.5046875000 0.9468750000 0.5234375000 0.9500000000 0.5281250000 0.9484375000 0.5296875000 0.9500000000 0.5500000000 0.9562500000 0.5593750000 0.9578125000 0.5671875000 0.9656250000 0.5781250000 0.9671875000 0.5859375000 0.9625000000 0.5968750000 0.9625000000 0.6046875000 0.9656250000 0.6156250000 0.9656250000 0.6296875000 0.9687500000 0.6343750000 0.9703125000 0.6437500000 0.9687500000 0.6921875000 0.9609375000 0.7093750000 0.9546875000 0.7156250000 0.9437500000 0.7156250000 0.9359375000 0.7093750000 0.9281250000 0.6968750000 0.9250000000 0.6875000000 0.9234375000 0.6671875000 0.9203125000 0.6640625000 0.9125000000 0.6609375000 0.8859375000 0.6625000000 0.8734375000 0.6781250000 0.8703125000 0.6796875000 0.8609375000 0.6781250000 0.8562500000 0.6750000000 0.8515625000 0.6671875000 0.8500000000 0.6515625000 0.8250000000 0.6359375000 0.8109375000 0.6218750000 0.8109375000 0.6140625000 0.8140625000 0.6109375000 0.8171875000 0.6093750000 0.8343750000 0.6109375000 0.8421875000 0.6062500000 0.8453125000 0.6078125000 0.8437500000 0.6156250000 0.8453125000 0.6171875000 0.8406250000 0.6265625000 0.8406250000 0.6390625000 0.8468750000 0.6437500000 0.8562500000 0.6437500000 0.8625000000 0.6390625000 0.8640625000 0.6343750000 0.8625000000 0.6296875000 0.8640625000 0.6250000000 0.8625000000 0.5937500000 0.8640625000 0.5921875000 0.8625000000 0.5906250000 0.8687500000 0.5750000000 0.8765625000 0.5406250000 0.8812500000 0.5359375000 0.8875000000 0.5203125000 0.8843750000 0.5046875000 0.8875000000 0.4984375000 0.8765625000 0.4875000000 0.8625000000 0.4843750000 0.8640625000 0.4734375000 0.8671875000 0.4703125000 0.8890625000 0.4703125000 0.9062500000 0.4593750000 0.9265625000 0.4593750000
3 0.3046875000 0.4015625000 0.3046875000 0.4125000000 0.3109375000 0.4171875000 0.3109375000 0.4437500000 0.3062500000 0.4515625000 0.3031250000 0.4765625000 0.3000000000 0.4812500000 0.2921875000 0.4750000000 0.2921875000 0.4703125000 0.2828125000 0.4640625000 0.2796875000 0.4406250000 0.2828125000 0.4375000000 0.2812500000 0.4203125000 0.2859375000 0.4140625000 0.2859375000 0.4031250000 0.2968750000 0.4000000000 0.3031250000 0.4015625000
3 0.1906250000 0.3812500000 0.1953125000 0.3843750000 0.1968750000 0.3906250000 0.1937500000 0.4000000000 0.1843750000 0.4015625000 0.1828125000 0.4015625000 0.1828125000 0.3875000000 0.1890625000 0.3812500000
1 0.3328125000 0.3187500000 0.3328125000 0.3218750000 0.3375000000 0.3265625000 0.3359375000 0.3281250000 0.3375000000 0.3343750000 0.3328125000 0.3421875000 0.3343750000 0.3609375000 0.3265625000 0.3578125000 0.3187500000 0.3609375000 0.3093750000 0.3750000000 0.3078125000 0.3750000000 0.3078125000 0.3687500000 0.3046875000 0.3625000000 0.2937500000 0.3609375000 0.2890625000 0.3656250000 0.2890625000 0.3781250000 0.2796875000 0.3875000000 0.2718750000 0.4000000000 0.2656250000 0.3953125000 0.2640625000 0.3875000000 0.2578125000 0.3812500000 0.2562500000 0.3718750000 0.2500000000 0.3671875000 0.2421875000 0.3656250000 0.2406250000 0.3343750000 0.2500000000 0.3312500000 0.2484375000 0.3125000000 0.2562500000 0.3093750000 0.3296875000 0.3093750000 0.3312500000 0.3187500000
