0 0.8609375000 0.4437500000 0.8718750000 0.4453125000 0.8687500000 0.4562500000 0.8703125000 0.4656250000 0.8640625000 0.4609375000 0.8656250000 0.4546875000 0.8609375000 0.4453125000
0 0.9296875000 0.4312500000 0.9312500000 0.4328125000 0.9484375000 0.4328125000 0.9546875000 0.4359375000 0.9375000000 0.4484375000 0.9359375000 0.4640625000 0.9328125000 0.4703125000 0.9250000000 0.4765625000 0.9203125000 0.4765625000 0.9140625000 0.4718750000 0.9140625000 0.4640625000 0.9062500000 0.4515625000 0.9062500000 0.4390625000 0.9031250000 0.4359375000 0.8937500000 0.4343750000 0.8875000000 0.4406250000 0.8890625000 0.4578125000 0.8796875000 0.4687500000 0.8765625000 0.4703125000 0.8718750000 0.4656250000 0.8703125000 0.4562500000 0.8734375000 0.4500000000 0.8750000000 0.4375000000 0.8796875000 0.4343750000 0.8984375000 0.4312500000 0.9281250000 0.4312500000
0 0.0500000000 0.4421875000 0.0515625000 0.4437500000 0.0593750000 0.4421875000 0.1375000000 0.4437500000 0.1718750000 0.4546875000 0.1984375000 0.4671875000 0.2015625000 0.4703125000 0.1890625000 0.4734375000 0.1828125000 0.4796875000 0.1796875000 0.4953125000 0.1750000000 0.5046875000 0.1734375000 0.5281250000 0.1234375000 0.5328125000 0.0953125000 0.5328125000 0.0937500000 0.5234375000 0.0875000000 0.5140625000 0.0750000000 0.5046875000 0.0234375000 0.4921875000 0.0000000000 0.4906250000 0.0000000000 0.4593750000 0.0187500000 0.4500000000 0.0484375000 0.4437500000
0 0.0000000000 0.4921875000 0.0328125000 0.4953125000 0.0390625000 0.4984375000 0.0640625000 0.5031250000 0.0796875000 0.5093750000 0.0890625000 0.5203125000 0.0921875000 0.5281250000 0.0921875000 0.5375000000 0.1062500000 0.5609375000 0.1062500000 0.5671875000 0.1000000000 0.5718750000 0.0953125000 0.6031250000 0.0890625000 0.6140625000 0.0703125000 0.6203125000 0.0562500000 0.6203125000 0.0500000000 0.6328125000 0.0390625000 0.6453125000 0.0187500000 0.6593750000 0.0000000000 0.6640625000 0.0000000000 0.4937500000
0 0.2625000000 0.4437500000 0.2703125000 0.4453125000 0.2687500000 0.4468750000 0.2625000000 0.4468750000 0.2500000000 0.4515625000 0.2140625000 0.4687500000 0.2046875000 0.4687500000 0.1781250000 0.4562500000 0.1765625000 0.4546875000 0.1781250000 0.4531250000 0.1921875000 0.4468750000 0.2062500000 0.4437500000 0.2609375000 0.4437500000
0 0.3078125000 0.4453125000 0.3109375000 0.4500000000 0.3140625000 0.4468750000 0.3203125000 0.4531250000 0.3234375000 0.4531250000 0.3250000000 0.4562500000 0.3234375000 0.4734375000 0.3218750000 0.4750000000 0.3125000000 0.4734375000 0.3093750000 0.4859375000 0.2937500000 0.4906250000 0.2875000000 0.4953125000 0.2828125000 0.4953125000 0.2796875000 0.4875000000 0.2734375000 0.4843750000 0.2687500000 0.4890625000 0.2718750000 0.5031250000 0.2609375000 0.5062500000 0.2562500000 0.5125000000 0.2562500000 0.5187500000 0.2640625000 0.5265625000 0.2359375000 0.5437500000 0.2046875000 0.5421875000 0.1859375000 0.5375000000 0.1781250000 0.5328125000 0.1765625000 0.5296875000 0.1781250000 0.5046875000 0.1875000000 0.4781250000 0.1984375000 0.4734375000 0.2140625000 0.4718750000 0.2234375000 0.4656250000 0.2609375000 0.4500000000 0.2859375000 0.4453125000 0.3062500000 0.4453125000
0 0.8421875000 0.4328125000 0.8593750000 0.4421875000 0.8468750000 0.4421875000 0.8421875000 0.4453125000 0.8343750000 0.4453125000 0.8328125000 0.4390625000 0.8281250000 0.4359375000 0.8140625000 0.4359375000 0.8062500000 0.4421875000 0.8046875000 0.4515625000 0.7843750000 0.4453125000 0.7765625000 0.4453125000 0.7750000000 0.4421875000 0.7781250000 0.4343750000 0.8171875000 0.4296875000 0.8406250000 0.4328125000
0 0.5515625000 0.4453125000 0.5687500000 0.4515625000 0.5687500000 0.4562500000 0.5609375000 0.4593750000 0.5390625000 0.4593750000 0.5359375000 0.4625000000 0.5359375000 0.4718750000 0.5328125000 0.4718750000 0.5296875000 0.4656250000 0.5265625000 0.4671875000 0.5250000000 0.4718750000 0.5156250000 0.4687500000 0.4906250000 0.4687500000 0.4828125000 0.4546875000 0.4828125000 0.4484375000 0.4875000000 0.4453125000 0.5046875000 0.4453125000 0.5078125000 0.4484375000 0.5203125000 0.4468750000 0.5218750000 0.4515625000 0.5250000000 0.4437500000 0.5500000000 0.4453125000
0 0.7859375000 0.4484375000 0.8062500000 0.4578125000 0.8062500000 0.4609375000 0.7968750000 0.4734375000 0.7781250000 0.4750000000 0.7703125000 0.4843750000 0.7468750000 0.4828125000 0.7406250000 0.4859375000 0.7328125000 0.4984375000 0.7343750000 0.5140625000 0.7031250000 0.5234375000 0.6937500000 0.5234375000 0.6906250000 0.5187500000 0.6843750000 0.5171875000 0.6703125000 0.5062500000 0.6546875000 0.5046875000 0.6484375000 0.4937500000 0.6406250000 0.4906250000 0.6515625000 0.4812500000 0.6500000000 0.4734375000 0.6531250000 0.4703125000 0.6968750000 0.4484375000 0.7062500000 0.4468750000 0.7796875000 0.4468750000 0.7843750000 0.4484375000
0 0.5453125000 0.4437500000 0.5687500000 0.4515625000 0.5687500000 0.4562500000 0.5625000000 0.4593750000 0.5390625000 0.4593750000 0.5359375000 0.4625000000 0.5359375000 0.4718750000 0.5312500000 0.4718750000 0.5296875000 0.4671875000 0.5250000000 0.4718750000 0.5125000000 0.4687500000 0.5109375000 0.4703125000 0.4906250000 0.4687500000 0.4828125000 0.4515625000 0.4843750000 0.4468750000 0.4890625000 0.4453125000 0.5046875000 0.4453125000 0.5078125000 0.4484375000 0.5187500000 0.4468750000 0.5218750000 0.4500000000 0.5265625000 0.4437500000 0.5437500000 0.4437500000
2 0.2671875000 0.3718750000 0.2843750000 0.3750000000 0.4031250000 0.3812500000 0.4234375000 0.3843750000 0.4562500000 0.3828125000 0.4609375000 0.3875000000 0.4703125000 0.3890625000 0.5640625000 0.3937500000 0.5750000000 0.3968750000 0.6031250000 0.3968750000 0.6140625000 0.4000000000 0.6125000000 0.4156250000 0.6046875000 0.4250000000 0.6000000000 0.4234375000 0.5796875000 0.4250000000 0.5625000000 0.4140625000 0.5375000000 0.4078125000 0.5281250000 0.4093750000 0.5171875000 0.4078125000 0.5156250000 0.4093750000 0.4906250000 0.4062500000 0.4265625000 0.4062500000 0.4171875000 0.4093750000 0.4109375000 0.4187500000 0.4062500000 0.4203125000 0.4046875000 0.4187500000 0.3609375000 0.4171875000 0.3500000000 0.4140625000 0.3218750000 0.4140625000 0.3109375000 0.4187500000 0.3046875000 0.4250000000 0.3031250000 0.4296875000 0.3046875000 0.4390625000 0.3015625000 0.4421875000 0.2796875000 0.4421875000 0.2781250000 0.4437500000 0.2281250000 0.4390625000 0.2265625000 0.3890625000 0.2375000000 0.3812500000 0.2484375000 0.3796875000 0.2656250000 0.3718750000
2 0.6921875000 0.3953125000 0.7031250000 0.4015625000 0.7203125000 0.4015625000 0.7218750000 0.4031250000 0.7593750000 0.4015625000 0.7687500000 0.4062500000 0.8171875000 0.4046875000 0.8234375000 0.4093750000 0.8562500000 0.4125000000 0.8593750000 0.4156250000 0.8562500000 0.4343750000 0.8453125000 0.4343750000 0.8359375000 0.4296875000 0.7859375000 0.4312500000 0.7796875000 0.4328125000 0.7734375000 0.4421875000 0.7609375000 0.4390625000 0.7500000000 0.4437500000 0.7093750000 0.4437500000 0.6968750000 0.4359375000 0.6859375000 0.4328125000 0.6609375000 0.4312500000 0.6578125000 0.4265625000 0.6375000000 0.4265625000 0.6359375000 0.4250000000 0.6234375000 0.4265625000 0.6203125000 0.4250000000 0.6187500000 0.4234375000 0.6203125000 0.4093750000 0.6234375000 0.4046875000 0.6296875000 0.4015625000 0.6437500000 0.3984375000 0.6703125000 0.3984375000 0.6906250000 0.3953125000
2 0.1078125000 0.3640625000 0.1109375000 0.3640625000 0.1125000000 0.3687500000 0.1171875000 0.3718750000 0.1718750000 0.3750000000 0.1906250000 0.3781250000 0.1906250000 0.3828125000 0.1843750000 0.3937500000 0.1968750000 0.4000000000 0.1984375000 0.4093750000 0.1968750000 0.4187500000 0.2000000000 0.4343750000 0.1968750000 0.4421875000 0.1812500000 0.4484375000 0.1625000000 0.4484375000 0.1328125000 0.4406250000 0.1109375000 0.4406250000 0.1078125000 0.4390625000 0.1062500000 0.4328125000 0.1015625000 0.4281250000 0.0953125000 0.4296875000 0.0921875000 0.4375000000 0.0875000000 0.4406250000 0.0859375000 0.4390625000 0.0562500000 0.4406250000 0.0515625000 0.4375000000 0.0531250000 0.4359375000 0.0500000000 0.4312500000 0.0421875000 0.4296875000 0.0359375000 0.4234375000 0.0343750000 0.4265625000 0.0062500000 0.4265625000 0.0046875000 0.4250000000 0.0000000000 0.4265625000 0.0000000000 0.3656250000 0.0640625000 0.3687500000 0.0765625000 0.3625000000 0.0875000000 0.3625000000 0.0906250000 0.3687500000 0.0953125000 0.3687500000 0.0984375000 0.3640625000 0.1062500000 0.3640625000
3 0.7890625000 0.4765625000 0.7968750000 0.4812500000 0.7984375000 0.4796875000 0.8078125000 0.4812500000 0.8078125000 0.4921875000 0.8109375000 0.4937500000 0.8125000000 0.5000000000 0.8046875000 0.5156250000 0.8046875000 0.5203125000 0.8078125000 0.5234375000 0.8078125000 0.5328125000 0.8031250000 0.5343750000 0.7937500000 0.5468750000 0.7890625000 0.5468750000 0.7812500000 0.5546875000 0.7734375000 0.5578125000 0.7656250000 0.5562500000 0.7625000000 0.5531250000 0.7578125000 0.5359375000 0.7609375000 0.5296875000 0.7734375000 0.5234375000 0.7859375000 0.5078125000 0.7859375000 0.4984375000 0.7734375000 0.4843750000 0.7796875000 0.4765625000 0.7875000000 0.4765625000
3 0.5640625000 0.4937500000 0.5687500000 0.4968750000 0.5875000000 0.4968750000 0.5921875000 0.5015625000 0.5921875000 0.5093750000 0.5796875000 0.5156250000 0.5734375000 0.5234375000 0.5812500000 0.5390625000 0.5843750000 0.5515625000 0.5843750000 0.5625000000 0.5828125000 0.5671875000 0.5703125000 0.5796875000 0.5593750000 0.5812500000 0.5500000000 0.5921875000 0.5437500000 0.5953125000 0.5281250000 0.5937500000 0.5234375000 0.5593750000 0.5234375000 0.5375000000 0.5343750000 0.5328125000 0.5500000000 0.5218750000 0.5531250000 0.5156250000 0.5531250000 0.5015625000 0.5578125000 0.4953125000 0.5625000000 0.4937500000
3 0.7625000000 0.4859375000 0.7703125000 0.4875000000 0.7796875000 0.4937500000 0.7828125000 0.4984375000 0.7828125000 0.5078125000 0.7703125000 0.5218750000 0.7625000000 0.5250000000 0.7484375000 0.5390625000 0.7500000000 0.5531250000 0.7468750000 0.5546875000 0.7468750000 0.5703125000 0.7406250000 0.5718750000 0.7453125000 0.5796875000 0.7234375000 0.6062500000 0.7187500000 0.6093750000 0.7062500000 0.6109375000 0.6937500000 0.6031250000 0.6796875000 0.6031250000 0.6750000000 0.6062500000 0.6718750000 0.6187500000 0.6718750000 0.6109375000 0.6687500000 0.6078125000 0.6359375000 0.6093750000 0.6234375000 0.6078125000 0.6156250000 0.6031250000 0.6046875000 0.6171875000 0.5906250000 0.6234375000 0.5781250000 0.6218750000 0.5703125000 0.6156250000 0.5671875000 0.6093750000 0.5671875000 0.5968750000 0.5765625000 0.5765625000 0.5953125000 0.5609375000 0.5937500000 0.5531250000 0.5984375000 0.5328125000 0.6234375000 0.4984375000 0.6343750000 0.4968750000 0.6468750000 0.5015625000 0.6531250000 0.5078125000 0.6687500000 0.5078125000 0.6859375000 0.5203125000 0.6843750000 0.5218750000 0.6734375000 0.5203125000 0.6687500000 0.5171875000 0.6593750000 0.5171875000 0.6515625000 0.5203125000 0.6625000000 0.5265625000 0.6640625000 0.5296875000 0.6578125000 0.5421875000 0.6640625000 0.5437500000 0.7015625000 0.5250000000 0.7359375000 0.5171875000 0.7375000000 0.5156250000 0.7359375000 0.4953125000 0.7406250000 0.4875000000 0.7609375000 0.4859375000
3 0.9953125000 0.4796875000 0.9984375000 0.4812500000 0.9984375000 0.5156250000 0.9953125000 0.5250000000 0.9953125000 0.5296875000 0.9984375000 0.5328125000 0.9968750000 0.5390625000 0.9828125000 0.5390625000 0.9843750000 0.5359375000 0.9828125000 0.5218750000 0.9765625000 0.5187500000 0.9734375000 0.5125000000 0.9734375000 0.5062500000 0.9781250000 0.4953125000 0.9750000000 0.4843750000 0.9828125000 0.4796875000 0.9937500000 0.4796875000
3 0.9140625000 0.4734375000 0.9218750000 0.4796875000 0.9171875000 0.4843750000 0.9171875000 0.4875000000 0.9218750000 0.4921875000 0.9156250000 0.5000000000 0.9140625000 0.5062500000 0.9156250000 0.5203125000 0.9109375000 0.5359375000 0.9078125000 0.5296875000 0.9078125000 0.5218750000 0.9000000000 0.5062500000 0.9109375000 0.4906250000 0.9093750000 0.4781250000 0.9125000000 0.4750000000
3 0.2828125000 0.5093750000 0.2968750000 0.5125000000 0.3015625000 0.5171875000 0.3015625000 0.5203125000 0.3078125000 0.5250000000 0.3062500000 0.5343750000 0.3015625000 0.5375000000 0.3000000000 0.5421875000 0.2875000000 0.5500000000 0.2812500000 0.5578125000 0.2812500000 0.5640625000 0.2875000000 0.5765625000 0.2875000000 0.5859375000 0.2921875000 0.6031250000 0.3000000000 0.6171875000 0.3078125000 0.6156250000 0.3109375000 0.6187500000 0.3265625000 0.6187500000 0.3343750000 0.6171875000 0.3437500000 0.6109375000 0.3421875000 0.5984375000 0.3203125000 0.5765625000 0.3203125000 0.5734375000 0.3312500000 0.5625000000 0.3468750000 0.5562500000 0.3500000000 0.5578125000 0.3500000000 0.5953125000 0.3531250000 0.6078125000 0.3640625000 0.6156250000 0.3921875000 0.6156250000 0.4000000000 0.6125000000 0.4171875000 0.6000000000 0.4156250000 0.5468750000 0.4109375000 0.5390625000 0.4031250000 0.5406250000 0.4000000000 0.5390625000 0.4156250000 0.5375000000 0.4328125000 0.5312500000 0.4406250000 0.5312500000 0.4468750000 0.5359375000 0.4375000000 0.5531250000 0.4468750000 0.5578125000 0.4468750000 0.5656250000 0.4593750000 0.5843750000 0.4609375000 0.5921875000 0.4593750000 0.5937500000 0.4562500000 0.5906250000 0.4437500000 0.5734375000 0.4421875000 0.5671875000 0.4375000000 0.5640625000 0.4312500000 0.5656250000 0.4312500000 0.5828125000 0.4437500000 0.5953125000 0.4484375000 0.6093750000 0.4484375000 0.6187500000 0.4437500000 0.6343750000 0.4328125000 0.6453125000 0.4218750000 0.6500000000 0.3984375000 0.6484375000 0.3859375000 0.6390625000 0.3562500000 0.6328125000 0.3390625000 0.6359375000 0.3156250000 0.6359375000 0.3140625000 0.6343750000 0.3125000000 0.6359375000 0.2859375000 0.6359375000 0.2671875000 0.6328125000 0.2546875000 0.6437500000 0.2468750000 0.6468750000 0.2265625000 0.6468750000 0.2171875000 0.6421875000 0.2062500000 0.6296875000 0.2031250000 0.6203125000 0.2046875000 0.6031250000 0.2093750000 0.5937500000 0.2156250000 0.5875000000 0.2140625000 0.5843750000 0.2093750000 0.5843750000 0.2093750000 0.5812500000 0.2328125000 0.5656250000 0.2296875000 0.5578125000 0.2296875000 0.5531250000 0.2328125000 0.5484375000 0.2453125000 0.5390625000 0.2656250000 0.5296875000 0.2671875000 0.5187500000 0.2765625000 0.5093750000 0.2812500000 0.5093750000
3 0.9671875000 0.4718750000 0.9687500000 0.4734375000 0.9671875000 0.4765625000 0.9546875000 0.4796875000 0.9562500000 0.4921875000 0.9531250000 0.4953125000 0.9531250000 0.5046875000 0.9562500000 0.5078125000 0.9562500000 0.5156250000 0.9593750000 0.5234375000 0.9593750000 0.5453125000 0.9484375000 0.5484375000 0.9359375000 0.5484375000 0.9296875000 0.5562500000 0.9218750000 0.5562500000 0.9140625000 0.5484375000 0.9140625000 0.5312500000 0.9171875000 0.5203125000 0.9156250000 0.5062500000 0.9218750000 0.4937500000 0.9203125000 0.4875000000 0.9250000000 0.4843750000 0.9359375000 0.4859375000 0.9390625000 0.4828125000 0.9546875000 0.4796875000 0.9578125000 0.4734375000 0.9656250000 0.4718750000
3 0.8281250000 0.4953125000 0.8390625000 0.4984375000 0.8484375000 0.5062500000 0.8468750000 0.5203125000 0.8531250000 0.5453125000 0.8515625000 0.5484375000 0.8531250000 0.5609375000 0.8484375000 0.5640625000 0.8250000000 0.5671875000 0.8171875000 0.5750000000 0.8015625000 0.5734375000 0.7953125000 0.5656250000 0.7937500000 0.5531250000 0.8000000000 0.5390625000 0.8109375000 0.5312500000 0.8078125000 0.5140625000 0.8156250000 0.5015625000 0.8140625000 0.4968750000 0.8171875000 0.4937500000 0.8265625000 0.4953125000
