0 0.6687500000 0.2187500000 0.6750000000 0.2218750000 0.6921875000 0.2218750000 0.7046875000 0.2187500000 0.7218750000 0.2187500000 0.7234375000 0.2203125000 0.7250000000 0.2187500000 0.8015625000 0.2187500000 0.8203125000 0.2312500000 0.8203125000 0.2406250000 0.8156250000 0.2421875000 0.8140625000 0.2468750000 0.8093750000 0.2453125000 0.8062500000 0.2484375000 0.8109375000 0.2531250000 0.8046875000 0.2515625000 0.8031250000 0.2500000000 0.8062500000 0.2484375000 0.7984375000 0.2453125000 0.7953125000 0.2484375000 0.7953125000 0.2546875000 0.8093750000 0.2609375000 0.8140625000 0.2609375000 0.8171875000 0.2562500000 0.8234375000 0.2609375000 0.8265625000 0.2781250000 0.8234375000 0.2890625000 0.8171875000 0.2968750000 0.8109375000 0.3000000000 0.8046875000 0.3000000000 0.7984375000 0.3062500000 0.7765625000 0.3125000000 0.7734375000 0.3187500000 0.7750000000 0.3234375000 0.7703125000 0.3406250000 0.7671875000 0.3453125000 0.7562500000 0.3515625000 0.7453125000 0.3500000000 0.7375000000 0.3421875000 0.7312500000 0.3406250000 0.7218750000 0.3312500000 0.7046875000 0.3312500000 0.7031250000 0.3328125000 0.6703125000 0.3312500000 0.6593750000 0.3328125000 0.6484375000 0.3390625000 0.6390625000 0.3390625000 0.6312500000 0.3328125000 0.6218750000 0.3296875000 0.6156250000 0.3218750000 0.6015625000 0.3156250000 0.5984375000 0.2781250000 0.6000000000 0.2640625000 0.6046875000 0.2531250000 0.6156250000 0.2437500000 0.6406250000 0.2343750000 0.6531250000 0.2203125000 0.6671875000 0.2187500000
0 0.2218750000 0.3437500000 0.2234375000 0.3453125000 0.2250000000 0.3437500000 0.2453125000 0.3437500000 0.2656250000 0.3484375000 0.2859375000 0.3687500000 0.2859375000 0.3781250000 0.2687500000 0.3796875000 0.2671875000 0.3812500000 0.2687500000 0.3828125000 0.2593750000 0.3968750000 0.2625000000 0.4093750000 0.2656250000 0.4125000000 0.2671875000 0.4281250000 0.2515625000 0.4375000000 0.2375000000 0.4359375000 0.2250000000 0.4296875000 0.2140625000 0.4156250000 0.2062500000 0.4156250000 0.2000000000 0.4187500000 0.1937500000 0.4281250000 0.1968750000 0.4406250000 0.1953125000 0.4484375000 0.1703125000 0.4578125000 0.1187500000 0.4828125000 0.1078125000 0.4906250000 0.1078125000 0.4984375000 0.1046875000 0.5062500000 0.0921875000 0.5171875000 0.0812500000 0.5203125000 0.0718750000 0.5171875000 0.0609375000 0.5078125000 0.0468750000 0.5031250000 0.0390625000 0.4906250000 0.0312500000 0.4656250000 0.0312500000 0.4468750000 0.0328125000 0.4453125000 0.0296875000 0.4390625000 0.0296875000 0.4250000000 0.0343750000 0.4156250000 0.0359375000 0.3921875000 0.0437500000 0.3843750000 0.0781250000 0.3625000000 0.1218750000 0.3437500000 0.1515625000 0.3406250000 0.1890625000 0.3484375000 0.2015625000 0.3484375000 0.2078125000 0.3453125000 0.2203125000 0.3437500000
0 0.3890625000 0.2187500000 0.4609375000 0.2187500000 0.4609375000 0.2218750000 0.4453125000 0.2250000000 0.4359375000 0.2328125000 0.4140625000 0.2328125000 0.4046875000 0.2359375000 0.3953125000 0.2359375000 0.3890625000 0.2281250000 0.3890625000 0.2203125000
0 0.4640625000 0.2562500000 0.5000000000 0.2671875000 0.5140625000 0.2765625000 0.5250000000 0.3062500000 0.5375000000 0.3187500000 0.5375000000 0.3281250000 0.5468750000 0.3531250000 0.5484375000 0.3828125000 0.5375000000 0.3953125000 0.5328125000 0.3968750000 0.5234375000 0.3968750000 0.5140625000 0.3921875000 0.5015625000 0.3906250000 0.4781250000 0.3968750000 0.4734375000 0.3890625000 0.4718750000 0.3796875000 0.4625000000 0.3640625000 0.4562500000 0.3578125000 0.4437500000 0.3546875000 0.4390625000 0.3328125000 0.4312500000 0.3281250000 0.4203125000 0.3281250000 0.4125000000 0.3343750000 0.4109375000 0.3421875000 0.4171875000 0.3578125000 0.4171875000 0.3671875000 0.4093750000 0.3796875000 0.4109375000 0.4046875000 0.4171875000 0.4218750000 0.4171875000 0.4296875000 0.4140625000 0.4343750000 0.4093750000 0.4343750000 0.3984375000 0.4250000000 0.3875000000 0.3984375000 0.3796875000 0.3937500000 0.3687500000 0.3781250000 0.3640625000 0.3765625000 0.3546875000 0.3593750000 0.3546875000 0.3531250000 0.3500000000 0.3468750000 0.3500000000 0.3406250000 0.3406250000 0.3328125000 0.3359375000 0.3171875000 0.3421875000 0.3062500000 0.3546875000 0.3015625000 0.3609375000 0.2812500000 0.3703125000 0.2734375000 0.3968750000 0.2656250000 0.4234375000 0.2625000000 0.4390625000 0.2578125000 0.4625000000 0.2562500000
3 0.9187500000 0.3312500000 0.9265625000 0.3328125000 0.9187500000 0.3437500000 0.9203125000 0.3531250000 0.9234375000 0.3578125000 0.9187500000 0.3671875000 0.9046875000 0.3703125000 0.9000000000 0.3734375000 0.8734375000 0.3734375000 0.8703125000 0.3671875000 0.8750000000 0.3578125000 0.8578125000 0.3531250000 0.8500000000 0.3578125000 0.8515625000 0.3593750000 0.8500000000 0.3609375000 0.8515625000 0.3750000000 0.8546875000 0.3812500000 0.8500000000 0.3859375000 0.8359375000 0.3843750000 0.8265625000 0.3765625000 0.8218750000 0.3671875000 0.8218750000 0.3546875000 0.8250000000 0.3531250000 0.8359375000 0.3546875000 0.8421875000 0.3515625000 0.8312500000 0.3453125000 0.8296875000 0.3468750000 0.8171875000 0.3453125000 0.8171875000 0.3375000000 0.8203125000 0.3328125000 0.8250000000 0.3312500000 0.8718750000 0.3312500000 0.8734375000 0.3296875000 0.9171875000 0.3312500000
3 0.4671875000 0.2203125000 0.4734375000 0.2203125000 0.4796875000 0.2281250000 0.4906250000 0.2312500000 0.4953125000 0.2359375000 0.4953125000 0.2390625000 0.5156250000 0.2562500000 0.5187500000 0.2625000000 0.5187500000 0.2718750000 0.5140625000 0.2734375000 0.4968750000 0.2640625000 0.4640625000 0.2546875000 0.4640625000 0.2515625000 0.4687500000 0.2500000000 0.4750000000 0.2421875000 0.4750000000 0.2312500000 0.4671875000 0.2218750000
3 0.7343750000 0.5671875000 0.7359375000 0.5796875000 0.7265625000 0.5984375000 0.7265625000 0.6093750000 0.7343750000 0.6250000000 0.7343750000 0.6421875000 0.7312500000 0.6515625000 0.7453125000 0.6718750000 0.7515625000 0.6875000000 0.7515625000 0.6968750000 0.7484375000 0.7062500000 0.7546875000 0.7125000000 0.7781250000 0.7265625000 0.7937500000 0.7406250000 0.7968750000 0.7453125000 0.7968750000 0.7500000000 0.7921875000 0.7531250000 0.7921875000 0.7562500000 0.8000000000 0.7656250000 0.8062500000 0.7781250000 0.8046875000 0.7796875000 0.7671875000 0.7781250000 0.7640625000 0.7765625000 0.7656250000 0.7750000000 0.7734375000 0.7734375000 0.7703125000 0.7656250000 0.7656250000 0.7609375000 0.7578125000 0.7625000000 0.7515625000 0.7546875000 0.7453125000 0.7546875000 0.7390625000 0.7593750000 0.7406250000 0.7625000000 0.7500000000 0.7656250000 0.7500000000 0.7703125000 0.7531250000 0.7718750000 0.7515625000 0.7734375000 0.7531250000 0.7750000000 0.7593750000 0.7718750000 0.7609375000 0.7734375000 0.7593750000 0.7781250000 0.7359375000 0.7796875000 0.7281250000 0.7781250000 0.7296875000 0.7750000000 0.7265625000 0.7718750000 0.7203125000 0.7718750000 0.7171875000 0.7781250000 0.6953125000 0.7796875000 0.6921875000 0.7781250000 0.6890625000 0.7687500000 0.6828125000 0.7656250000 0.6750000000 0.7718750000 0.6718750000 0.7781250000 0.6484375000 0.7796875000 0.6437500000 0.7781250000 0.6375000000 0.7718750000 0.6265625000 0.7718750000 0.6203125000 0.7656250000 0.6015625000 0.7625000000 0.5781250000 0.7468750000 0.5468750000 0.7484375000 0.5359375000 0.7437500000 0.5156250000 0.7250000000 0.5078125000 0.7078125000 0.4906250000 0.6875000000 0.4921875000 0.6828125000 0.5015625000 0.6796875000 0.5015625000 0.6750000000 0.5078125000 0.6609375000 0.5250000000 0.6500000000 0.5218750000 0.6437500000 0.5140625000 0.6437500000 0.4875000000 0.6562500000 0.4875000000 0.6515625000 0.4921875000 0.6421875000 0.5078125000 0.6265625000 0.5078125000 0.6218750000 0.5000000000 0.6093750000 0.5000000000 0.5968750000 0.5109375000 0.5859375000 0.5203125000 0.5859375000 0.5312500000 0.5890625000 0.5562500000 0.6046875000 0.5875000000 0.6171875000 0.6250000000 0.6406250000 0.6390625000 0.6531250000 0.6421875000 0.6625000000 0.6328125000 0.6750000000 0.6312500000 0.6812500000 0.6359375000 0.6859375000 0.6468750000 0.6859375000 0.6609375000 0.6921875000 0.6671875000 0.6843750000 0.6796875000 0.6781250000 0.6890625000 0.6687500000 0.6812500000 0.6531250000 0.6718750000 0.6531250000 0.6687500000 0.6578125000 0.6671875000 0.6531250000 0.6609375000 0.6468750000 0.6531250000 0.6468750000 0.6468750000 0.6500000000 0.6406250000 0.6468750000 0.6453125000 0.6421875000 0.6546875000 0.6406250000 0.6640625000 0.6312500000 0.6781250000 0.6234375000 0.6734375000 0.6187500000 0.6546875000 0.6187500000 0.6531250000 0.6171875000 0.6546875000 0.6093750000 0.6640625000 0.6015625000 0.6734375000 0.6015625000 0.6781250000 0.6093750000 0.6781250000 0.6171875000 0.6812500000 0.6203125000 0.6906250000 0.6187500000 0.6984375000 0.6109375000 0.7234375000 0.5953125000 0.7281250000 0.5875000000 0.7265625000 0.5812500000 0.7328125000 0.5687500000
3 0.3625000000 0.2187500000 0.3843750000 0.2187500000 0.3843750000 0.2218750000 0.3781250000 0.2281250000 0.3703125000 0.2312500000 0.3656250000 0.2312500000 0.3625000000 0.2281250000 0.3609375000 0.2250000000 0.3625000000 0.2203125000
3 0.8531250000 0.3312500000 0.8546875000 0.3328125000 0.8578125000 0.3312500000 0.9250000000 0.3328125000 0.9187500000 0.3421875000 0.9187500000 0.3484375000 0.9250000000 0.3609375000 0.9187500000 0.3671875000 0.9000000000 0.3734375000 0.8734375000 0.3734375000 0.8703125000 0.3687500000 0.8750000000 0.3578125000 0.8593750000 0.3531250000 0.8546875000 0.3546875000 0.8500000000 0.3625000000 0.8546875000 0.3812500000 0.8500000000 0.3859375000 0.8390625000 0.3859375000 0.8265625000 0.3765625000 0.8218750000 0.3656250000 0.8234375000 0.3546875000 0.8390625000 0.3515625000 0.8328125000 0.3468750000 0.8250000000 0.3468750000 0.8234375000 0.3437500000 0.8171875000 0.3437500000 0.8171875000 0.3406250000 0.8234375000 0.3328125000 0.8515625000 0.3312500000
3 0.2578125000 0.2531250000 0.2578125000 0.2718750000 0.2484375000 0.2718750000 0.2468750000 0.2687500000 0.2484375000 0.2562500000 0.2531250000 0.2515625000 0.2562500000 0.2531250000
3 0.8250000000 0.3484375000 0.8328125000 0.3468750000 0.8468750000 0.3546875000 0.8546875000 0.3531250000 0.8703125000 0.3546875000 0.8781250000 0.3500000000 0.8843750000 0.3515625000 0.8718750000 0.3609375000 0.8703125000 0.3796875000 0.8828125000 0.3968750000 0.8859375000 0.4046875000 0.8890625000 0.4140625000 0.8890625000 0.4203125000 0.8859375000 0.4234375000 0.8875000000 0.4296875000 0.8750000000 0.4312500000 0.8671875000 0.4359375000 0.8593750000 0.4437500000 0.8484375000 0.4609375000 0.8406250000 0.4609375000 0.8328125000 0.4578125000 0.8250000000 0.4578125000 0.8234375000 0.4609375000 0.8203125000 0.4609375000 0.8140625000 0.4546875000 0.7906250000 0.4500000000 0.7796875000 0.4531250000 0.7734375000 0.4593750000 0.7578125000 0.4609375000 0.7500000000 0.4578125000 0.7421875000 0.4500000000 0.7359375000 0.4296875000 0.7406250000 0.4171875000 0.7531250000 0.4093750000 0.7578125000 0.4078125000 0.7718750000 0.4109375000 0.7765625000 0.4093750000 0.7703125000 0.4015625000 0.7578125000 0.3984375000 0.7562500000 0.3921875000 0.7500000000 0.3859375000 0.7484375000 0.3750000000 0.7562500000 0.3734375000 0.7640625000 0.3765625000 0.7828125000 0.3781250000 0.7984375000 0.3843750000 0.8281250000 0.3875000000 0.8296875000 0.3984375000 0.8218750000 0.4125000000 0.8234375000 0.4328125000 0.8343750000 0.4437500000 0.8484375000 0.4437500000 0.8515625000 0.4406250000 0.8593750000 0.4109375000 0.8593750000 0.4031250000 0.8546875000 0.3968750000 0.8562500000 0.3859375000 0.8515625000 0.3750000000 0.8515625000 0.3671875000 0.8453125000 0.3593750000 0.8375000000 0.3593750000 0.8328125000 0.3546875000 0.8265625000 0.3531250000 0.8250000000 0.3500000000
3 0.2857140625 0.3398328125 0.3294640625 0.3300179688 0.3437500000 0.3014640625 0.3348210938 0.2747765625 0.2821429688 0.3077101563 0.2857140625 0.3398328125
